right_kick 2018.03.08
// step1 100
512,20,2164,50,2071,50,2451,50,1134,50,1243,50,2136,50,2044,50,1973,50,1654,50,
2971,50,2777,50,2010,50,2048,50,290,50,512,50,1771,50,724,50,512,50,2048,50,2048,50,
// step2 100
512,20,2150,50,2068,50,2196,50,1430,50,1320,50,2114,50,2050,50,2017,50,1860,50,
2739,50,2699,50,2064,50,2048,50,290,50,512,50,1771,50,724,50,512,50,2048,50,2048,50,
// step3 100
512,20,2150,50,2068,50,2252,50,1522,50,1427,50,2114,50,2050,50,2017,50,1836,50,
2585,50,2583,50,2064,50,2048,50,290,50,512,50,1771,50,724,50,512,50,2048,50,2048,50,
// step4 100
512,20,2150,50,2068,50,2204,50,1654,50,1504,50,2114,50,2050,50,2017,50,1914,50,
2388,50,2504,50,2064,50,2048,50,290,50,512,50,1771,50,724,50,512,50,2048,50,2048,50,
// step5 100
512,20,2150,50,2068,50,2029,50,1911,50,1628,50,2114,50,2050,50,2017,50,2062,50,
2198,50,2388,50,2064,50,2048,50,290,50,512,50,1771,50,724,50,512,50,2048,50,2048,50,

