right_kick 2018.03.08
// step1 100
512,20,2164,50,2071,50,2451,50,1134,50,1243,50,2136,50,2044,50,1973,50,1654,50,
2971,50,2777,50,2010,50,2048,50,290,50,512,50,1771,50,724,50,512,50,2048,50,2048,50,
// step2 100
512,20,2150,50,2068,50,2196,50,1430,50,1320,50,2114,50,2050,50,2017,50,1860,50,
2739,50,2699,50,2064,50,2048,50,290,50,512,50,1771,50,724,50,512,50,2048,50,2048,50,
// step3 100
512,20,2150,50,2068,50,2252,50,1522,50,1427,50,2114,50,2050,50,2017,50,1836,50,
2585,50,2583,50,2064,50,2048,50,290,50,512,50,1771,50,724,50,512,50,2048,50,2048,50,
// step4 100
512,20,2150,50,2068,50,2204,50,1654,50,1504,50,2114,50,2050,50,2017,50,1914,50,
2388,50,2504,50,2064,50,2048,50,290,50,512,50,1771,50,724,50,512,50,2048,50,2048,50,
// step5 100
512,20,2150,50,2068,50,2029,50,1911,50,1628,50,2114,50,2050,50,2017,50,2062,50,
2198,50,2388,50,2064,50,2048,50,290,50,512,50,1771,50,724,50,512,50,2048,50,2048,50,
// step6 100
512,20,2150,50,2068,50,2029,50,1911,50,1628,50,2114,50,2050,50,2017,50,2062,50,
2198,50,2388,50,2064,50,2048,50,290,50,512,50,1771,50,724,50,512,50,2048,50,2048,50,
// step7 200
512,20,2150,50,2140,50,2029,50,1911,50,1628,50,2186,50,2050,50,2042,50,2062,50,
2198,50,2388,50,2119,50,2048,50,290,50,512,50,1771,50,724,50,512,50,2048,50,2048,50,
// step8 200
512,20,2150,50,2227,50,2029,50,1911,50,1708,50,2258,50,2050,50,2097,50,2062,50,
2198,50,2388,50,2174,50,2048,50,290,50,512,50,1771,50,724,50,512,50,2048,50,2048,50,
// step9 300
512,20,2150,50,2346,50,2029,50,1911,50,1721,50,2356,50,2050,50,2149,50,2124,50,
2276,50,2431,50,2250,50,2048,50,290,50,512,50,1771,50,1089,50,512,50,2048,50,2048,50,
// step10 300
512,20,2150,50,2346,50,2224,50,1911,50,1889,50,2366,50,2050,50,2126,50,2139,50,
2276,50,2431,50,2248,50,2048,50,260,50,512,50,1625,50,1153,50,512,50,2048,50,2048,50,
// step11 500
512,20,2179,50,2346,50,2133,50,1582,50,1587,50,2377,50,2048,50,2136,50,2032,50,
2276,50,2441,50,2238,50,2048,50,290,50,512,50,1771,50,821,50,512,50,2048,50,2048,50,
// step12 100
512,20,2150,50,2274,50,2166,50,1590,50,1507,50,2175,50,2050,50,2136,50,2062,50,
2198,50,2388,50,2122,50,2048,50,290,50,512,50,1771,50,724,50,512,50,2048,50,2048,50,
// step13 100
512,20,2150,50,2274,50,2028,50,1590,50,1507,50,2175,50,2050,50,2136,50,2062,50,
2198,50,2388,50,2122,50,2048,50,290,50,512,50,1771,50,724,50,512,50,2048,50,512,50,
// step14 100
512,20,2150,50,2068,50,2029,50,1911,50,1628,50,2114,50,2050,50,2017,50,2062,50,
2198,50,2388,50,2064,50,2048,50,290,50,512,50,1771,50,724,50,512,50,2048,50,2048,50,
// step15 100
512,20,2150,50,2068,50,2100,50,1678,50,1504,50,2114,50,2050,50,2017,50,2004,50,
2353,50,2504,50,2064,50,2048,50,290,50,512,50,1771,50,724,50,512,50,2048,50,2048,50,
// step16 100
512,20,2150,50,2068,50,2283,50,1522,50,1427,50,2114,50,2050,50,2017,50,1804,50,
2585,50,2583,50,2064,50,2048,50,290,50,512,50,1771,50,724,50,512,50,2048,50,2048,50,
// step17 100
512,20,2150,50,2068,50,2402,50,1290,50,1320,50,2114,50,2050,50,2017,50,1700,50,
2739,50,2699,50,2064,50,2048,50,290,50,512,50,1771,50,724,50,512,50,2048,50,2048,50,
// step18 100
512,20,2164,50,2071,50,2451,50,1134,50,1243,50,2136,50,2044,50,1973,50,1654,50,
2971,50,2777,50,2010,50,2048,50,290,50,512,50,1771,50,724,50,512,50,2048,50,2048,50,
