right_kick 2018.03.08
// step1 100
512,20,2165,50,2069,50,2317,50,1336,50,1322,50,2134,50,2044,50,1975,50,1787,50,
2769,50,2697,50,2012,50,2048,50,290,50,512,50,1771,50,724,50,512,50,2048,50,2048,50,
// step2 100
512,20,2165,50,2229,50,2317,50,1336,50,1322,50,2241,50,2044,50,2108,50,1787,50,
2769,50,2697,50,2178,50,2048,50,290,50,512,50,1771,50,724,50,512,50,2048,50,2048,50,
// step3 100
512,20,2165,50,2270,50,2317,50,1336,50,1322,50,2398,50,2044,50,2135,50,1787,50,
2769,50,2697,50,2210,50,2048,50,290,50,512,50,1771,50,724,50,512,50,2048,50,2048,50,
// step4 400
512,20,2165,50,2298,50,2317,50,1336,50,1387,50,2399,50,2044,50,2151,50,1787,50,
2769,50,2697,50,2240,50,2048,50,290,50,512,50,1771,50,1057,50,512,50,2048,50,2048,50,
// step5 200
512,20,2165,50,2266,50,2682,50,1336,50,1677,50,2289,50,2044,50,2144,50,1791,50,
2769,50,2697,50,2230,50,2048,50,198,50,512,50,1771,50,727,50,512,50,2048,50,2048,50,
// step6 70
512,20,2165,50,2214,50,2473,50,988,50,1185,50,2289,50,2044,50,2137,50,1787,50,
2769,50,2697,50,2214,50,2048,50,198,50,512,50,1771,50,727,50,512,50,2048,50,2048,50,
// step7 100
512,20,2165,50,2401,50,2317,50,1336,50,1378,50,2390,50,2044,50,2130,50,1787,50,
2769,50,2697,50,2151,50,2048,50,290,50,512,50,1771,50,724,50,512,50,2048,50,2048,50,
// step8 100
512,20,2165,50,2069,50,2317,50,1336,50,1322,50,2134,50,2044,50,1975,50,1787,50,
2769,50,2697,50,2012,50,2048,50,290,50,512,50,1771,50,724,50,512,50,2048,50,2048,50,
